{
    "_versionMajor": 0,
    "_versionMinor": 5,
    "boundsCenter": {
        "x": -0.03247642517089844,
        "y": -1.0,
        "z": 0.4659543037414551
    },
    "boundsSize": {
        "x": 0.9897956848144531,
        "y": 2.0,
        "z": 1.4253606796264648
    },
    "defaultReconstructionSettings": {
        "depthBiasAdjustment": 0.0,
        "edgeMaskBlurAmount": 0.009999999776482582,
        "edgeMaskSobelMultiplier": 10.0,
        "surfaceNormalColorBlendPower": 2.0,
        "viewDependentColorBlendPower": 0.0010000000474974513
    },
    "format": "perpixel",
    "numAngles": 7,
    "numColumns": 4,
    "numRows": 2,
    "perspectives": [
        {
            "clipEpsilon": 0.0023507673759013414,
            "crop": {
                "w": 1.0,
                "x": 0.0,
                "y": 0.0,
                "z": 0.9141419529914856
            },
            "depthFocalLength": {
                "x": 917.6668701171875,
                "y": 917.224853515625
            },
            "depthImageSize": {
                "x": 1920.0,
                "y": 1080.0
            },
            "depthPrincipalPoint": {
                "x": 962.23046875,
                "y": 547.4188232421875
            },
            "extrinsics": {
                "e00": -0.0013305633328855038,
                "e01": 0.998444139957428,
                "e02": 0.05574517324566841,
                "e03": -0.11119674891233444,
                "e10": -0.9260030388832092,
                "e11": 0.019814414903521538,
                "e12": -0.376995712518692,
                "e13": -1.886484146118164,
                "e20": -0.37751373648643494,
                "e21": -0.05212181434035301,
                "e22": 0.9245359301567078,
                "e23": 1.579638957977295,
                "e30": 0.0,
                "e31": 0.0,
                "e32": 0.0,
                "e33": 1.0
            },
            "farClip": 2.42293643951416,
            "nearClip": 0.2959712743759155
        },
        {
            "clipEpsilon": 0.0022168124560266733,
            "crop": {
                "w": 1.0,
                "x": 0.0,
                "y": 0.0,
                "z": 0.6960146427154541
            },
            "depthFocalLength": {
                "x": 911.8582763671875,
                "y": 911.8353881835938
            },
            "depthImageSize": {
                "x": 1920.0,
                "y": 1080.0
            },
            "depthPrincipalPoint": {
                "x": 960.1082763671875,
                "y": 553.9917602539063
            },
            "extrinsics": {
                "e00": 0.016279762610793114,
                "e01": -0.9973810911178589,
                "e02": -0.07046937197446823,
                "e03": -0.03439321368932724,
                "e10": -0.8860198259353638,
                "e11": 0.01827121526002884,
                "e12": -0.4632871747016907,
                "e13": -2.192836046218872,
                "e20": 0.4633614122867584,
                "e21": 0.0699794739484787,
                "e22": -0.8834019899368286,
                "e23": -0.8586310148239136,
                "e30": 0.0,
                "e31": 0.0,
                "e32": 0.0,
                "e33": 1.0
            },
            "farClip": 2.850647211074829,
            "nearClip": 0.5951564311981201
        },
        {
            "clipEpsilon": 0.002259732224047184,
            "crop": {
                "w": 1.0,
                "x": 0.0,
                "y": 0.0,
                "z": 1.0
            },
            "depthFocalLength": {
                "x": 917.8154296875,
                "y": 917.6055908203125
            },
            "depthImageSize": {
                "x": 1920.0,
                "y": 1080.0
            },
            "depthPrincipalPoint": {
                "x": 960.9273071289063,
                "y": 549.7578735351563
            },
            "extrinsics": {
                "e00": 0.1957850456237793,
                "e01": 0.694677472114563,
                "e02": -0.6921643018722534,
                "e03": -0.9503840208053589,
                "e10": -0.9555056095123291,
                "e11": -0.023662731051445007,
                "e12": -0.29402220249176025,
                "e13": -1.6764612197875977,
                "e20": -0.22062908113002777,
                "e21": 0.7189320921897888,
                "e22": 0.6591354012489319,
                "e23": 1.4567959308624268,
                "e30": 0.0,
                "e31": 0.0,
                "e32": 0.0,
                "e33": 1.0
            },
            "farClip": 2.5936620235443115,
            "nearClip": 0.38101059198379517
        },
        {
            "clipEpsilon": 0.002202116185799241,
            "crop": {
                "w": 1.0,
                "x": 0.0,
                "y": 0.0,
                "z": 1.0
            },
            "depthFocalLength": {
                "x": 911.4192504882813,
                "y": 911.4308471679688
            },
            "depthImageSize": {
                "x": 1920.0,
                "y": 1080.0
            },
            "depthPrincipalPoint": {
                "x": 952.257568359375,
                "y": 552.8212890625
            },
            "extrinsics": {
                "e00": -0.3771071135997772,
                "e01": 0.5324567556381226,
                "e02": 0.7578126788139343,
                "e03": 0.850486159324646,
                "e10": -0.9088731408119202,
                "e11": -0.055358704179525375,
                "e12": -0.4133823812007904,
                "e13": -1.6720635890960693,
                "e20": -0.17815671861171722,
                "e21": -0.8446450233459473,
                "e22": 0.5048118233680725,
                "e23": 1.2888585329055786,
                "e30": 0.0,
                "e31": 0.0,
                "e32": 0.0,
                "e33": 1.0
            },
            "farClip": 2.51054310798645,
            "nearClip": 0.23999999463558197
        },
        {
            "clipEpsilon": 0.0021040672436356544,
            "crop": {
                "w": 1.0,
                "x": 0.0,
                "y": 0.0,
                "z": 0.7865235805511475
            },
            "depthFocalLength": {
                "x": 913.3792724609375,
                "y": 913.0986328125
            },
            "depthImageSize": {
                "x": 1920.0,
                "y": 1080.0
            },
            "depthPrincipalPoint": {
                "x": 960.098388671875,
                "y": 543.209228515625
            },
            "extrinsics": {
                "e00": -0.3596433103084564,
                "e01": -0.6025117039680481,
                "e02": 0.7124860286712646,
                "e03": 0.9806213974952698,
                "e10": -0.8906345367431641,
                "e11": -0.0060449885204434395,
                "e12": -0.4546796977519989,
                "e13": -1.9705928564071655,
                "e20": 0.2782568037509918,
                "e21": -0.7980871796607971,
                "e22": -0.5344436764717102,
                "e23": -0.20715287327766418,
                "e30": 0.0,
                "e31": 0.0,
                "e32": 0.0,
                "e33": 1.0
            },
            "farClip": 2.7110400199890137,
            "nearClip": 0.3346900939941406
        },
        {
            "clipEpsilon": 0.0031752886716276407,
            "crop": {
                "w": 1.0,
                "x": 0.0,
                "y": 0.0,
                "z": 1.0
            },
            "depthFocalLength": {
                "x": 907.1066284179688,
                "y": 906.8556518554688
            },
            "depthImageSize": {
                "x": 1920.0,
                "y": 1080.0
            },
            "depthPrincipalPoint": {
                "x": 961.310546875,
                "y": 552.968994140625
            },
            "extrinsics": {
                "e00": -0.06753861904144287,
                "e01": 0.9976860880851746,
                "e02": -0.007812620140612125,
                "e03": -0.09088421612977982,
                "e10": -0.995038628578186,
                "e11": -0.06792861968278885,
                "e12": -0.07269036024808884,
                "e13": -0.726667046546936,
                "e20": -0.07305286079645157,
                "e21": 0.0028644518461078405,
                "e22": 0.9973239302635193,
                "e23": 1.5298800468444824,
                "e30": 0.0,
                "e31": 0.0,
                "e32": 0.0,
                "e33": 1.0
            },
            "farClip": 1.8289963006973267,
            "nearClip": 0.2543363571166992
        },
        {
            "clipEpsilon": 0.002212518360465765,
            "crop": {
                "w": 1.0,
                "x": 0.0,
                "y": 0.0,
                "z": 0.7254858613014221
            },
            "depthFocalLength": {
                "x": 910.1348876953125,
                "y": 910.151611328125
            },
            "depthImageSize": {
                "x": 1920.0,
                "y": 1080.0
            },
            "depthPrincipalPoint": {
                "x": 958.090087890625,
                "y": 550.8397827148438
            },
            "extrinsics": {
                "e00": 0.36196574568748474,
                "e01": -0.4896136522293091,
                "e02": -0.7932586073875427,
                "e03": -1.3190116882324219,
                "e10": -0.9021156430244446,
                "e11": 0.030430840328335762,
                "e12": -0.430419921875,
                "e13": -2.021583318710327,
                "e20": 0.2348790019750595,
                "e21": 0.8714082837104797,
                "e22": -0.4306732416152954,
                "e23": -0.10587384551763535,
                "e30": 0.0,
                "e31": 0.0,
                "e32": 0.0,
                "e33": 1.0
            },
            "farClip": 2.836469888687134,
            "nearClip": 0.5766018629074097
        }
    ],
    "textureHeight": 4096,
    "textureWidth": 4096
}
